Date,Open,High,Low,Close,Volume,Adj
20120405
20120404
20120403
20120402
20120330
20120329
20120328
20120327
20120326
20120323
20120322
20120321
20120320
20120319
20120316
20120315
20120314
20120313
20120312
20120309
20120308
20120307
20120306
20120305
20120302
20120301
20120229
20120228
20120227
20120224
20120223
20120222
20120221
20120217
20120216
20120215
20120214
20120213
20120210
20120209
20120208
20120207
20120206
20120203
20120202
20120201
20120131
20120130
20120127
20120126
20120125
20120124
20120123
20120120
20120119
20120118
20120117
20120113
20120112
20120111
20120110
20120109
20120106
20120105
20120104
20120103
